9
1
2
4 18 4 14 0 -1
4 25 4 7 0 2
haar_y2
1.382629e-02 0 -1
-4.021586e-01 6.190885e-01 
1
2
30 26 2 1 0 -1
30 26 1 1 0 2
haar_x2
2.124280e-05 0 -1
2.753810e-01 -4.415367e-01 
1
2
10 1 3 3 0 -1
10 2 3 1 0 3
haar_y3
-5.872461e-04 0 -1
7.459548e-01 -2.334361e-01 
1
2
20 6 4 2 0 -1
20 6 2 2 0 2
haar_x2
5.052962e-05 0 -1
2.087927e-01 -2.466599e-01 
1
2
8 6 4 2 0 -1
10 6 2 2 0 2
haar_x2
1.064287e-03 0 -1
-2.494891e-01 7.389712e-01 
1
2
1 12 30 20 0 -1
11 12 10 20 0 3
haar_x3
-2.374953e-01 0 -1
7.441759e-01 -2.369023e-01 
1
2
5 10 14 15 0 -1
12 10 7 15 0 2
haar_x2
2.654607e-02 0 -1
-2.223760e-01 8.222454e-01 
1
2
20 0 12 7 0 -1
20 0 6 7 0 2
haar_x2
-1.451227e-02 0 -1
3.460235e-01 -9.337552e-02 
1
2
3 17 2 2 0 -1
3 18 2 1 0 2
haar_y2
7.296067e-05 0 -1
3.568445e-01 -5.502861e-01 
-9.799116e-01

7
-1
