10
1
2
0 13 4 3 0 -1
2 13 2 3 0 2
haar_x2
-1.701005e-03 0 -1
6.622593e-01 -3.649815e-01 
1
2
28 28 3 2 0 -1
29 28 1 2 0 3
haar_x3
8.035443e-04 0 -1
9.284487e-02 -9.999995e-01 
1
2
1 28 3 2 0 -1
2 28 1 2 0 3
haar_x3
-3.542203e-05 0 -1
-6.590932e-01 3.159638e-01 
1
2
21 0 3 1 0 -1
22 0 1 1 0 3
haar_x3
-1.633620e-05 0 -1
-5.212646e-01 2.485897e-01 
1
2
4 0 2 9 0 -1
5 0 1 9 0 2
haar_x2
-5.490488e-04 0 -1
5.098975e-01 -3.641901e-01 
1
2
24 2 8 20 0 -1
24 2 4 20 0 2
haar_x2
-3.729716e-02 0 -1
3.746163e-01 -1.537323e-01 
1
2
2 9 12 3 0 -1
2 10 12 1 0 3
haar_y3
1.396450e-03 0 -1
3.522802e-01 -7.157211e-01 
1
2
11 3 21 11 0 -1
18 3 7 11 0 3
haar_x3
-3.512959e-02 0 -1
3.888997e-01 -2.685049e-01 
1
2
0 0 1 4 0 -1
0 2 1 2 0 2
haar_y2
4.967135e-04 0 -1
3.015197e-01 -7.675022e-01 
1
2
21 0 2 4 0 -1
21 2 2 2 0 2
haar_y2
-6.037046e-04 0 -1
-5.005712e-01 1.046769e-01 
-9.170052e-01

8
-1
