11
1
2
9 26 9 6 0 -1
9 29 9 3 0 2
haar_y2
1.096651e-02 0 -1
-3.086051e-01 7.869932e-01 
1
2
28 6 4 2 0 -1
28 7 4 1 0 2
haar_y2
-3.264287e-03 0 -1
-7.375575e-01 9.277391e-02 
1
2
0 6 4 2 0 -1
0 7 4 1 0 2
haar_y2
4.860511e-05 0 -1
3.473852e-01 -5.565674e-01 
1
2
27 7 3 20 0 -1
28 7 1 20 0 3
haar_x3
4.161058e-04 0 -1
1.106644e-01 -2.765831e-01 
1
2
2 7 3 20 0 -1
3 7 1 20 0 3
haar_x3
-9.799141e-04 0 -1
5.560387e-01 -3.725730e-01 
1
2
26 6 6 11 0 -1
28 6 2 11 0 3
haar_x3
5.622981e-02 0 -1
6.242599e-03 -9.999993e-01 
1
2
0 6 6 11 0 -1
2 6 2 11 0 3
haar_x3
9.824503e-03 0 -1
-3.113783e-01 7.500466e-01 
1
2
21 23 1 6 0 -1
21 25 1 2 0 3
haar_y3
-2.891777e-03 0 -1
1.000000e+00 1.852513e-02 
1
2
10 23 1 6 0 -1
10 25 1 2 0 3
haar_y3
3.798360e-04 0 -1
-2.710018e-01 8.124610e-01 
1
3
24 0 6 2 0 -1
27 0 3 1 0 2
24 1 3 1 0 2
haar_x2_y2
-1.040391e-04 0 -1
-3.393629e-01 2.920237e-01 
1
2
12 2 3 10 0 -1
13 2 1 10 0 3
haar_x3
1.019494e-04 0 -1
-4.081123e-01 5.401047e-01 
-8.744727e-01

9
-1
