9
1
2
0 2 10 29 0 -1
5 2 5 29 0 2
haar_x2
-7.996619e-02 0 -1
9.000784e-01 -3.861812e-01 
1
2
4 24 24 8 0 -1
4 28 24 4 0 2
haar_y2
-6.214787e-03 0 -1
-4.927233e-01 5.407684e-01 
1
2
8 1 1 6 0 -1
8 3 1 2 0 3
haar_y3
4.776141e-04 0 -1
-2.764557e-01 7.039306e-01 
1
2
26 10 2 1 0 -1
26 10 1 1 0 2
haar_x2
6.029455e-05 0 -1
1.579748e-01 -2.943646e-01 
1
3
4 6 2 26 0 -1
4 6 1 13 0 2
5 19 1 13 0 2
haar_x2_y2
-7.948451e-04 0 -1
5.231634e-01 -4.878106e-01 
1
2
26 6 6 13 0 -1
28 6 2 13 0 3
haar_x3
-1.099431e-02 0 -1
6.988369e-01 -1.196639e-01 
1
2
0 6 6 13 0 -1
2 6 2 13 0 3
haar_x3
1.106260e-02 0 -1
-2.912105e-01 8.638097e-01 
1
2
25 2 2 6 0 -1
25 4 2 2 0 3
haar_y3
5.044960e-04 0 -1
-4.271082e-02 4.436427e-01 
1
2
3 2 5 6 0 -1
3 4 5 2 0 3
haar_y3
-5.153345e-04 0 -1
5.886012e-01 -4.569327e-01 
-8.983865e-01

-1
-1
