7
1
2
0 0 22 18 0 -1
0 9 22 9 0 2
haar_y2
-1.049617e-01 0 -1
6.685207e-01 -4.887906e-01 
1
2
8 2 24 1 0 -1
16 2 8 1 0 3
haar_x3
1.349232e-02 0 -1
-3.114322e-02 7.077990e-01 
1
2
8 6 12 6 0 -1
8 8 12 2 0 3
haar_y3
4.659246e-03 0 -1
-2.652557e-01 7.443187e-01 
1
3
22 28 8 4 0 -1
26 28 4 2 0 2
22 30 4 2 0 2
haar_x2_y2
-4.821902e-04 0 -1
-5.181618e-01 1.593501e-01 
1
2
5 29 3 1 0 -1
6 29 1 1 0 3
haar_x3
-7.512147e-05 0 -1
-7.135823e-01 3.043674e-01 
1
2
27 0 2 9 0 -1
27 3 2 3 0 3
haar_y3
-6.369759e-05 0 -1
-3.362123e-01 1.922048e-01 
1
2
6 15 3 11 0 -1
7 15 1 11 0 3
haar_x3
-1.197346e-03 0 -1
-7.811048e-01 2.685013e-01 
-5.466532e-01

1
-1
