13
1
2
2 3 7 2 0 -1
2 4 7 1 0 2
haar_y2
-1.037457e-03 0 -1
7.159202e-01 -3.319922e-01 
1
2
26 10 6 13 0 -1
28 10 2 13 0 3
haar_x3
-1.008897e-02 0 -1
7.744436e-01 -4.867416e-02 
1
3
2 19 6 10 0 -1
2 19 3 5 0 2
5 24 3 5 0 2
haar_x2_y2
5.788547e-03 0 -1
-2.550344e-01 7.732766e-01 
1
3
18 16 6 8 0 -1
21 16 3 4 0 2
18 20 3 4 0 2
haar_x2_y2
-9.478675e-03 0 -1
-4.426626e-01 8.649277e-02 
1
2
0 9 6 7 0 -1
2 9 2 7 0 3
haar_x3
4.442001e-03 0 -1
-2.302847e-01 7.620800e-01 
1
3
13 6 18 24 0 -1
22 6 9 12 0 2
13 18 9 12 0 2
haar_x2_y2
-9.680027e-02 0 -1
5.391532e-01 -5.583907e-02 
1
3
9 15 4 10 0 -1
9 15 2 5 0 2
11 20 2 5 0 2
haar_x2_y2
-2.156112e-03 0 -1
-6.780275e-01 2.793729e-01 
1
3
8 24 24 8 0 -1
20 24 12 4 0 2
8 28 12 4 0 2
haar_x2_y2
8.808003e-03 0 -1
-1.888358e-01 1.581550e-01 
1
3
0 24 24 8 0 -1
0 24 12 4 0 2
12 28 12 4 0 2
haar_x2_y2
1.150725e-02 0 -1
-2.910238e-01 6.529825e-01 
1
2
24 0 2 1 0 -1
24 0 1 1 0 2
haar_x2
1.166656e-03 0 -1
8.321210e-02 -9.999998e-01 
1
2
0 6 9 11 0 -1
3 6 3 11 0 3
haar_x3
-7.994376e-03 0 -1
5.591451e-01 -3.416138e-01 
1
2
18 17 13 2 0 -1
18 18 13 1 0 2
haar_y2
-9.698616e-04 0 -1
3.950958e-01 -1.897687e-01 
1
2
1 17 13 2 0 -1
1 18 13 1 0 2
haar_y2
-4.022035e-04 0 -1
4.305522e-01 -4.266951e-01 
-1.053437e+00

11
-1
