9
1
2
0 9 6 17 0 -1
3 9 3 17 0 2
haar_x2
-2.536336e-02 0 -1
7.589973e-01 -3.771363e-01 
1
2
21 18 2 3 0 -1
21 19 2 1 0 3
haar_y3
7.648012e-04 0 -1
1.041303e-01 -5.866452e-01 
1
2
3 20 26 12 0 -1
3 26 26 6 0 2
haar_y2
1.079952e-01 0 -1
-2.636192e-01 8.245906e-01 
1
2
18 16 2 2 0 -1
18 17 2 1 0 2
haar_y2
-6.267014e-06 0 -1
1.812024e-01 -2.282474e-01 
1
2
7 18 5 3 0 -1
7 19 5 1 0 3
haar_y3
6.716899e-04 0 -1
2.077702e-01 -1.000001e+00 
1
3
30 30 2 2 0 -1
31 30 1 1 0 2
30 31 1 1 0 2
haar_x2_y2
3.515399e-05 0 -1
5.897230e-02 -3.901994e-01 
1
2
7 7 3 8 0 -1
8 7 1 8 0 3
haar_x3
9.390901e-05 0 -1
-3.820136e-01 4.847082e-01 
1
3
14 17 16 2 0 -1
22 17 8 1 0 2
14 18 8 1 0 2
haar_x2_y2
-1.933451e-03 0 -1
-4.234898e-01 1.014909e-01 
1
3
2 17 16 2 0 -1
2 17 8 1 0 2
10 18 8 1 0 2
haar_x2_y2
9.570795e-04 0 -1
2.723195e-01 -8.851593e-01 
-7.876590e-01

0
-1
