13
1
2
0 2 21 29 0 -1
7 2 7 29 0 3
haar_x3
-1.400253e-01 0 -1
8.055257e-01 -3.594107e-01 
1
3
27 9 4 14 0 -1
29 9 2 7 0 2
27 16 2 7 0 2
haar_x2_y2
-4.112845e-04 0 -1
-9.115562e-02 1.567549e-01 
1
3
1 9 4 14 0 -1
1 9 2 7 0 2
3 16 2 7 0 2
haar_x2_y2
-4.226962e-03 0 -1
7.371878e-01 -2.787166e-01 
1
2
28 6 3 16 0 -1
29 6 1 16 0 3
haar_x3
4.731906e-04 0 -1
1.285345e-01 -2.499555e-01 
1
2
1 6 3 16 0 -1
2 6 1 16 0 3
haar_x3
3.448053e-03 0 -1
-2.474116e-01 8.747376e-01 
1
3
24 16 6 16 0 -1
27 16 3 8 0 2
24 24 3 8 0 2
haar_x2_y2
1.644390e-02 0 -1
-7.109686e-02 4.755295e-01 
1
3
2 16 6 16 0 -1
2 16 3 8 0 2
5 24 3 8 0 2
haar_x2_y2
-5.186694e-03 0 -1
6.474692e-01 -3.648281e-01 
1
2
30 23 2 3 0 -1
30 24 2 1 0 3
haar_y3
1.371750e-04 0 -1
2.825664e-01 -4.416417e-01 
1
3
2 17 8 2 0 -1
2 17 4 1 0 2
6 18 4 1 0 2
haar_x2_y2
-1.653112e-05 0 -1
4.202877e-01 -5.479491e-01 
1
2
20 1 1 6 0 -1
20 3 1 2 0 3
haar_y3
6.680255e-04 0 -1
-2.078552e-01 4.374154e-01 
1
2
5 23 18 7 0 -1
11 23 6 7 0 3
haar_x3
-1.023074e-02 0 -1
6.061190e-01 -3.433422e-01 
1
2
20 1 1 6 0 -1
20 3 1 2 0 3
haar_y3
-3.645346e-03 0 -1
9.203453e-01 -4.188254e-02 
1
2
11 1 1 6 0 -1
11 3 1 2 0 3
haar_y3
6.047955e-04 0 -1
-3.687305e-01 5.981651e-01 
-7.309754e-01

3
-1
