9
1
2
0 23 27 6 0 -1
9 23 9 6 0 3
haar_x3
-8.741717e-02 0 -1
8.388316e-01 -2.769149e-01 
1
3
28 3 4 8 0 -1
30 3 2 4 0 2
28 7 2 4 0 2
haar_x2_y2
2.333896e-03 0 -1
1.105511e-01 -3.127755e-01 
1
3
0 3 4 8 0 -1
0 3 2 4 0 2
2 7 2 4 0 2
haar_x2_y2
-3.711818e-03 0 -1
8.686792e-01 -2.180859e-01 
1
2
27 5 5 16 0 -1
27 13 5 8 0 2
haar_y2
-1.452891e-03 0 -1
-1.811099e-01 2.215576e-01 
1
2
15 1 1 4 0 -1
15 3 1 2 0 2
haar_y2
-8.361925e-04 0 -1
7.285805e-01 -2.506219e-01 
1
2
29 7 3 14 0 -1
29 14 3 7 0 2
haar_y2
-3.576004e-04 0 -1
-1.498744e-01 1.354545e-01 
1
2
1 26 2 4 0 -1
1 28 2 2 0 2
haar_y2
-6.013783e-04 0 -1
-7.473475e-01 2.531237e-01 
1
2
29 7 3 14 0 -1
29 14 3 7 0 2
haar_y2
-2.051530e-02 0 -1
5.075610e-01 -9.468859e-02 
1
2
0 7 3 14 0 -1
0 14 3 7 0 2
haar_y2
-9.094638e-03 0 -1
-5.657819e-01 3.650959e-01 
-9.707352e-01

10
-1
