11
1
2
1 30 30 2 0 -1
16 30 15 2 0 2
haar_x2
-5.403006e-03 0 -1
-6.295637e-01 3.866327e-01 
1
2
14 2 12 3 0 -1
14 3 12 1 0 3
haar_y3
-8.191944e-03 0 -1
1.000000e+00 -6.382097e-02 
1
3
0 3 18 28 0 -1
0 3 9 14 0 2
9 17 9 14 0 2
haar_x2_y2
-1.432788e-01 0 -1
-9.056602e-01 2.056918e-01 
1
2
8 30 20 1 0 -1
8 30 10 1 0 2
haar_x2
-7.365827e-03 0 -1
-3.337212e-01 1.242867e-01 
1
2
10 19 12 3 0 -1
10 20 12 1 0 3
haar_y3
-1.005594e-03 0 -1
-7.179049e-01 2.581566e-01 
1
2
16 11 5 2 0 -1
16 12 5 1 0 2
haar_y2
-1.683095e-04 0 -1
3.521689e-01 -4.300940e-01 
1
2
14 0 3 4 0 -1
14 2 3 2 0 2
haar_y2
-1.385561e-03 0 -1
5.380099e-01 -3.440467e-01 
1
2
23 12 2 4 0 -1
23 14 2 2 0 2
haar_y2
-9.791739e-04 0 -1
-4.676089e-01 1.319344e-01 
1
2
7 12 2 4 0 -1
7 14 2 2 0 2
haar_y2
-3.772075e-05 0 -1
4.041410e-01 -4.554889e-01 
1
3
28 27 2 4 0 -1
29 27 1 2 0 2
28 29 1 2 0 2
haar_x2_y2
2.157668e-04 0 -1
1.274011e-01 -5.670511e-01 
1
3
2 27 2 4 0 -1
2 27 1 2 0 2
3 29 1 2 0 2
haar_x2_y2
-1.064024e-04 0 -1
-6.852867e-01 3.000334e-01 
-8.133898e-01

5
-1
