8
1
2
5 20 2 10 0 -1
6 20 1 10 0 2
haar_x2
-8.375634e-04 0 -1
6.270345e-01 -4.710887e-01 
1
2
5 2 23 30 0 -1
5 12 23 10 0 3
haar_y3
-1.252724e-01 0 -1
4.764498e-01 -4.066497e-01 
1
2
1 14 6 17 0 -1
3 14 2 17 0 3
haar_x3
-2.237147e-03 0 -1
7.117498e-01 -3.405580e-01 
1
2
13 4 9 1 0 -1
16 4 3 1 0 3
haar_x3
9.794037e-04 0 -1
-1.978039e-01 5.051776e-01 
1
2
14 0 4 4 0 -1
14 2 4 2 0 2
haar_y2
-1.218536e-03 0 -1
6.464486e-01 -3.218748e-01 
1
3
19 2 10 6 0 -1
24 2 5 3 0 2
19 5 5 3 0 2
haar_x2_y2
9.199087e-03 0 -1
-6.573147e-02 6.557652e-01 
1
3
3 2 10 6 0 -1
3 2 5 3 0 2
8 5 5 3 0 2
haar_x2_y2
-6.591028e-03 0 -1
9.059837e-01 -2.799350e-01 
1
2
31 0 1 4 0 -1
31 2 1 2 0 2
haar_y2
1.373454e-05 0 -1
4.256944e-01 -3.603505e-01 
-1.258073e+00

2
-1
