8
1
2
0 0 30 31 0 -1
10 0 10 31 0 3
haar_x3
-4.323910e-01 0 -1
8.366228e-01 -2.712416e-01 
1
2
31 1 1 6 0 -1
31 4 1 3 0 2
haar_y2
2.407998e-04 0 -1
2.613446e-01 -4.623631e-01 
1
2
2 11 8 3 0 -1
2 12 8 1 0 3
haar_y3
1.121997e-03 0 -1
2.258384e-01 -8.252934e-01 
1
2
7 11 21 3 0 -1
7 12 21 1 0 3
haar_y3
-1.622315e-03 0 -1
-5.902712e-01 1.971287e-01 
1
2
11 22 2 5 0 -1
12 22 1 5 0 2
haar_x2
-5.786256e-04 0 -1
-6.659083e-01 2.762990e-01 
1
2
29 26 3 2 0 -1
30 26 1 2 0 3
haar_x3
2.583889e-04 0 -1
8.929465e-02 -5.087065e-01 
1
2
1 8 4 10 0 -1
3 8 2 10 0 2
haar_x2
7.688864e-03 0 -1
-2.307624e-01 9.171571e-01 
1
2
25 3 6 11 0 -1
25 3 3 11 0 2
haar_x2
-1.177111e-02 0 -1
5.962058e-01 -1.009837e-01 
-1.064190e+00

4
-1
