10
1
2
1 1 24 6 0 -1
9 1 8 6 0 3
haar_x3
-3.462505e-02 0 -1
6.829482e-01 -3.628299e-01 
1
2
26 26 6 4 0 -1
28 26 2 4 0 3
haar_x3
-4.604424e-04 0 -1
-4.616543e-01 1.968793e-01 
1
2
0 26 6 4 0 -1
2 26 2 4 0 3
haar_x3
-8.102700e-05 0 -1
-5.419016e-01 3.725628e-01 
1
3
26 4 6 12 0 -1
29 4 3 6 0 2
26 10 3 6 0 2
haar_x2_y2
-8.199774e-03 0 -1
-4.120893e-01 9.003815e-02 
1
2
4 29 3 1 0 -1
5 29 1 1 0 3
haar_x3
-5.483701e-05 0 -1
-4.983231e-01 3.819826e-01 
1
3
26 5 6 10 0 -1
29 5 3 5 0 2
26 10 3 5 0 2
haar_x2_y2
2.963353e-04 0 -1
1.241660e-01 -2.148627e-01 
1
2
0 4 10 15 0 -1
5 4 5 15 0 2
haar_x2
5.729058e-02 0 -1
-2.566944e-01 8.454544e-01 
1
3
26 0 6 18 0 -1
29 0 3 9 0 2
26 9 3 9 0 2
haar_x2_y2
-1.068426e-03 0 -1
-1.310676e-01 2.802756e-01 
1
3
3 2 8 2 0 -1
3 2 4 1 0 2
7 3 4 1 0 2
haar_x2_y2
-7.454349e-04 0 -1
7.122600e-01 -3.008161e-01 
1
3
30 0 2 2 0 -1
31 0 1 1 0 2
30 1 1 1 0 2
haar_x2_y2
1.804730e-04 0 -1
2.025869e-01 -7.797285e-01 
-1.066619e+00

6
-1
